0 0.57346 0.74840 0.68795 0.37247
0 0.42192 0.45090 0.64921 0.75557
1 0.57333 0.74805 0.68863 0.37388
1 0.42212 0.45075 0.65003 0.75707
2 0.42228 0.45077 0.64936 0.75649
2 0.57336 0.74785 0.68768 0.37134
3 0.42243 0.45040 0.64817 0.75535
4 0.42233 0.45116 0.64923 0.75671
4 0.57334 0.74761 0.68774 0.37127
5 0.57328 0.74832 0.68835 0.37335
5 0.42188 0.45126 0.64948 0.75789
6 0.57349 0.74789 0.68733 0.37118
6 0.42235 0.45222 0.64868 0.75756
7 0.57337 0.74788 0.68770 0.37111
7 0.42217 0.45168 0.64900 0.75760
