0 0.26135 0.43219 0.38189 0.51205
0 0.74334 0.65830 0.47671 0.58087
0 0.86577 0.19056 0.26709 0.38092
0 0.37680 0.18989 0.43789 0.37984
0 0.50013 0.49960 0.99755 0.99756
1 0.49985 0.49917 0.99547 0.99584
1 0.26133 0.43132 0.38298 0.51249
1 0.74335 0.65697 0.47729 0.58481
1 0.37671 0.18954 0.43814 0.37938
2 0.49991 0.49946 0.99576 0.99801
2 0.26146 0.43215 0.38163 0.51070
3 0.49977 0.49936 0.99593 0.99790
3 0.26157 0.43196 0.38128 0.51197
4 0.49993 0.49944 0.99570 0.99863
4 0.26170 0.43195 0.38191 0.51166
5 0.49985 0.49917 0.99707 0.99693
5 0.26137 0.43167 0.38275 0.51200
5 0.86547 0.19051 0.26711 0.38079
5 0.74322 0.65675 0.47696 0.58541
5 0.37674 0.18982 0.43817 0.37985
6 0.26153 0.43246 0.38139 0.51081
7 0.50004 0.49956 0.99651 0.99849
7 0.26152 0.43226 0.38201 0.51164
