0 0.20786 0.49949 0.41509 0.99722
0 0.65862 0.69476 0.68053 0.60625
1 0.20792 0.49899 0.41441 0.99576
1 0.65793 0.69361 0.67892 0.60530
2 0.20724 0.49959 0.41432 0.99834
3 0.20720 0.49965 0.41394 0.99711
4 0.20724 0.49953 0.41435 0.99907
5 0.20787 0.49911 0.41494 0.99647
5 0.65832 0.69401 0.68009 0.60556
5 0.71250 0.28351 0.46688 0.53969
5 0.68492 0.43659 0.46134 0.55236
6 0.20731 0.49974 0.41412 0.99843
6 0.65877 0.69450 0.68073 0.60812
7 0.20734 0.49958 0.41391 0.99833
8 0.20735 0.49974 0.41427 0.99872
