0 0.31965 0.53549 0.35567 0.71083
0 0.72011 0.54963 0.35897 0.69678
1 0.31939 0.53521 0.35581 0.71176
1 0.72006 0.54943 0.35895 0.69750
2 0.31970 0.53513 0.35533 0.71028
2 0.72013 0.54951 0.35861 0.69610
3 0.72003 0.54931 0.35810 0.69622
3 0.31961 0.53484 0.35517 0.71048
3 0.71447 0.56677 0.15020 0.32592
4 0.31977 0.53513 0.35517 0.71026
4 0.72010 0.54961 0.35874 0.69639
5 0.31939 0.53524 0.35577 0.71122
5 0.72001 0.54946 0.35872 0.69720
6 0.72010 0.54980 0.35834 0.69597
6 0.31974 0.53544 0.35490 0.71017
7 0.31962 0.53526 0.35544 0.71050
7 0.72011 0.54950 0.35878 0.69667
