0 0.79073 0.43167 0.17248 0.16674
0 0.56216 0.22051 0.16830 0.17132
0 0.81928 0.59019 0.15863 0.15931
0 0.21892 0.71430 0.15472 0.15477
0 0.47744 0.75819 0.16239 0.17171
0 0.60126 0.38179 0.17799 0.17737
0 0.60796 0.80429 0.14413 0.14057
0 0.42204 0.33909 0.16610 0.17238
0 0.48346 0.50536 0.15897 0.15995
0 0.70295 0.68351 0.17092 0.16326
0 0.66155 0.51725 0.15420 0.14571
0 0.55985 0.63227 0.15004 0.15519
0 0.27119 0.28705 0.15253 0.14375
0 0.37026 0.63001 0.15697 0.16289
0 0.33258 0.47433 0.16206 0.16142
0 0.33299 0.80518 0.15483 0.15080
0 0.40278 0.16756 0.16755 0.18167
0 0.73785 0.27870 0.15868 0.16810
0 0.20697 0.57009 0.14581 0.14536
0 0.18571 0.42361 0.15571 0.15064
1 0.56195 0.22007 0.16816 0.17185
1 0.40258 0.16725 0.16781 0.18210
1 0.73760 0.27838 0.15890 0.16881
1 0.20665 0.56982 0.14619 0.14506
1 0.21848 0.71416 0.15501 0.15497
1 0.50161 0.47897 0.79454 0.80579
1 0.33294 0.80489 0.15518 0.15136
1 0.18537 0.42339 0.15590 0.15132
1 0.79052 0.43152 0.17255 0.16721
1 0.27084 0.28464 0.15266 0.14081
1 0.81919 0.58990 0.15837 0.15997
1 0.60094 0.38146 0.17815 0.17809
1 0.48337 0.50513 0.15920 0.16067
1 0.66115 0.51718 0.15458 0.14652
1 0.33214 0.47402 0.16213 0.16162
1 0.37007 0.62980 0.15730 0.16346
1 0.70277 0.68329 0.17099 0.16403
1 0.47727 0.75789 0.16260 0.17211
1 0.60786 0.80396 0.14398 0.14097
1 0.55948 0.63202 0.15025 0.15597
1 0.42170 0.33849 0.16636 0.17368
3 0.50210 0.48736 0.79318 0.78995
5 0.50066 0.48048 0.79685 0.80509
5 0.56201 0.22018 0.16838 0.17194
5 0.40263 0.16737 0.16782 0.18220
5 0.73771 0.27848 0.15897 0.16879
5 0.21862 0.71412 0.15512 0.15515
5 0.79065 0.43156 0.17261 0.16733
5 0.33299 0.80489 0.15520 0.15145
5 0.27125 0.28632 0.15320 0.14468
5 0.81921 0.58990 0.15869 0.16005
5 0.20674 0.56985 0.14622 0.14548
5 0.18559 0.42339 0.15599 0.15159
5 0.47737 0.75790 0.16278 0.17201
5 0.60808 0.80400 0.14412 0.14103
7 0.47733 0.75804 0.16250 0.17186
