0 0.04912 0.84074 0.09749 0.12875
0 0.56584 0.59006 0.12748 0.13012
0 0.40439 0.06194 0.14008 0.12372
0 0.44263 0.50425 0.11289 0.12759
0 0.66640 0.13544 0.10641 0.11877
0 0.57133 0.21836 0.10773 0.10485
0 0.21897 0.90444 0.09961 0.11585
0 0.13388 0.18392 0.11625 0.12209
0 0.21693 0.54003 0.13518 0.12688
0 0.21305 0.19992 0.14085 0.13571
0 0.88571 0.31955 0.13542 0.13140
0 0.41763 0.19969 0.13493 0.13850
0 0.78917 0.61394 0.12104 0.14237
0 0.65943 0.83925 0.10511 0.10450
0 0.96718 0.26524 0.06519 0.12668
0 0.90364 0.64775 0.12147 0.11805
0 0.28952 0.10946 0.13484 0.08195
0 0.46766 0.29221 0.13190 0.12692
0 0.34237 0.51471 0.12139 0.12065
0 0.95332 0.65081 0.09077 0.12190
0 0.24051 0.76082 0.12682 0.12825
0 0.81545 0.73292 0.14161 0.11944
0 0.47870 0.18001 0.09050 0.10617
0 0.34760 0.70027 0.12837 0.13411
0 0.96038 0.22587 0.07891 0.09409
0 0.21498 0.66450 0.12647 0.10947
0 0.39229 0.64751 0.10385 0.10986
0 0.70423 0.61488 0.11652 0.10514
0 0.30058 0.59136 0.11951 0.09131
0 0.45531 0.11136 0.08608 0.05065
0 0.71140 0.75897 0.10379 0.10056
1 0.90850 0.31035 0.18058 0.26377
1 0.04882 0.84044 0.09706 0.12931
1 0.56567 0.58943 0.12771 0.13087
1 0.40409 0.06188 0.14022 0.12351
1 0.66603 0.13497 0.10675 0.11884
1 0.30495 0.18464 0.45800 0.36967
1 0.21878 0.90395 0.09924 0.11608
3 0.90873 0.31071 0.18093 0.26431
3 0.04891 0.84044 0.09735 0.12922
3 0.30436 0.18519 0.45738 0.37075
3 0.50281 0.48485 0.98933 0.96993
