0 0.49973 0.49946 0.99590 0.99692
0 0.63723 0.26020 0.42564 0.51958
0 0.18411 0.71485 0.36701 0.56565
1 0.49931 0.49915 0.99404 0.99404
1 0.63689 0.26005 0.42653 0.51951
1 0.18387 0.71353 0.36614 0.56675
1 0.22185 0.21394 0.35920 0.42759
2 0.63752 0.25962 0.42744 0.51840
2 0.18387 0.71467 0.36665 0.56615
2 0.22239 0.21417 0.35878 0.42725
2 0.49966 0.49948 0.99678 0.99682
2 0.57571 0.77797 0.42665 0.43974
2 0.89430 0.45627 0.20932 0.70826
3 0.49940 0.49943 0.99550 0.99563
3 0.63693 0.26013 0.42522 0.51986
4 0.49959 0.49928 0.99559 0.99691
5 0.49935 0.49929 0.99465 0.99487
6 0.49969 0.49915 0.99579 0.99836
7 0.49978 0.49915 0.99591 0.99789
8 0.49959 0.49924 0.99505 0.99619
