0 0.65889 0.62484 0.44483 0.70313
0 0.31992 0.42309 0.50164 0.65246
0 0.73522 0.30632 0.31699 0.50932
1 0.31991 0.42297 0.50184 0.65371
1 0.65876 0.62467 0.44589 0.70467
1 0.73523 0.30549 0.31694 0.50909
2 0.73506 0.30648 0.31673 0.51031
2 0.65911 0.62463 0.44514 0.70346
2 0.31995 0.42292 0.50184 0.65242
3 0.64780 0.61587 0.23049 0.36041
3 0.32002 0.42239 0.50059 0.65138
3 0.65947 0.62386 0.44448 0.70160
4 0.65898 0.62469 0.44504 0.70280
4 0.73505 0.30616 0.31682 0.50936
4 0.32002 0.42280 0.50227 0.65176
5 0.31993 0.42299 0.50211 0.65334
5 0.65877 0.62474 0.44537 0.70439
5 0.73509 0.30579 0.31685 0.50972
6 0.65939 0.62471 0.44487 0.70279
6 0.31995 0.42279 0.50135 0.65079
6 0.73526 0.30642 0.31636 0.50889
7 0.32005 0.42306 0.50222 0.65254
7 0.73517 0.30586 0.31662 0.50916
7 0.65921 0.62441 0.44540 0.70362
