0 0.55482 0.43120 0.14751 0.29039
1 0.47541 0.40319 0.93997 0.80412
1 0.55473 0.43061 0.14791 0.29113
1 0.94257 0.35776 0.11297 0.29164
1 0.23775 0.34008 0.17003 0.26771
1 0.05544 0.82315 0.10997 0.34885
1 0.78124 0.90235 0.21600 0.19088
1 0.94492 0.84064 0.10841 0.31109
2 0.55469 0.43087 0.14760 0.29002
3 0.47267 0.40297 0.93229 0.80550
3 0.55469 0.43065 0.14730 0.29024
3 0.78124 0.90280 0.21593 0.19093
3 0.23754 0.34002 0.17006 0.26665
3 0.94273 0.35760 0.11265 0.29019
3 0.05532 0.82358 0.10981 0.34883
3 0.36766 0.95642 0.13942 0.08463
4 0.94285 0.35781 0.11291 0.29013
4 0.05536 0.82383 0.10992 0.34858
4 0.94517 0.84160 0.10852 0.31153
4 0.78136 0.90307 0.21642 0.19104
5 0.55476 0.43076 0.14778 0.29081
5 0.05533 0.82355 0.10993 0.34880
5 0.78129 0.90269 0.21634 0.19100
5 0.47816 0.40380 0.94730 0.80653
5 0.94505 0.84140 0.10849 0.31202
5 0.94267 0.35790 0.11302 0.29153
5 0.36780 0.95641 0.14031 0.08471
7 0.94285 0.35772 0.11292 0.28956
7 0.05533 0.82387 0.10977 0.34864
7 0.78126 0.90305 0.21613 0.19115
7 0.47435 0.40430 0.93814 0.80839
7 0.94517 0.84169 0.10858 0.31181
7 0.36781 0.95657 0.13978 0.08489
