0 0.95497 0.45882 0.08892 0.22628
0 0.74557 0.34452 0.16083 0.28523
0 0.76036 0.64433 0.18241 0.32920
0 0.32444 0.29858 0.15561 0.25376
0 0.54563 0.40326 0.12727 0.24515
0 0.68516 0.26328 0.11073 0.23828
0 0.26171 0.44790 0.15458 0.25966
0 0.60187 0.69671 0.19827 0.36736
1 0.95447 0.45997 0.08887 0.22980
1 0.22135 0.74092 0.18025 0.35900
1 0.42912 0.56534 0.85439 0.85264
1 0.54556 0.40336 0.12994 0.24706
1 0.74533 0.34548 0.16171 0.28368
1 0.60162 0.69680 0.19904 0.36740
1 0.32416 0.29827 0.15559 0.25391
1 0.68534 0.26300 0.11069 0.23662
1 0.26142 0.44558 0.15629 0.26264
1 0.76031 0.64461 0.18271 0.33232
3 0.42766 0.57058 0.85382 0.85440
3 0.95488 0.46331 0.08843 0.23585
3 0.54384 0.40330 0.12425 0.24659
4 0.95498 0.45891 0.08829 0.22572
4 0.74554 0.34609 0.16039 0.27934
5 0.95433 0.45836 0.08934 0.22625
5 0.74539 0.34480 0.16191 0.28224
5 0.22156 0.74085 0.17937 0.35775
5 0.76030 0.64457 0.18268 0.33124
5 0.54562 0.40340 0.12846 0.24650
5 0.43017 0.56399 0.85644 0.85682
5 0.60169 0.69696 0.19891 0.36764
5 0.32404 0.29982 0.15615 0.25161
7 0.95513 0.45741 0.08823 0.22246
7 0.74547 0.34619 0.16036 0.28098
7 0.54432 0.40306 0.12493 0.24562
7 0.32413 0.29889 0.15548 0.25278
