0 0.93274 0.50341 0.13325 0.32020
0 0.65865 0.56534 0.45212 0.66221
0 0.14275 0.48726 0.09761 0.20799
0 0.12959 0.34542 0.13425 0.19030
1 0.65836 0.56517 0.45303 0.66312
1 0.93242 0.50260 0.13339 0.31904
1 0.12952 0.34476 0.13487 0.18995
1 0.26271 0.44896 0.15741 0.30211
1 0.36877 0.53306 0.23102 0.46493
2 0.65851 0.56503 0.45235 0.66259
3 0.65845 0.56463 0.45266 0.66242
3 0.93267 0.50384 0.13316 0.32038
3 0.12957 0.34565 0.13472 0.18973
3 0.36898 0.53246 0.22991 0.46301
4 0.65880 0.56489 0.45198 0.66169
4 0.93260 0.50397 0.13321 0.31882
5 0.65837 0.56531 0.45297 0.66309
5 0.93246 0.50296 0.13356 0.32069
5 0.26381 0.44898 0.15967 0.30242
5 0.36940 0.64297 0.23306 0.68522
5 0.14275 0.48712 0.09761 0.20885
5 0.36899 0.53263 0.23097 0.46407
5 0.13033 0.34552 0.13615 0.19144
7 0.65855 0.56525 0.45178 0.66197
7 0.93271 0.50327 0.13329 0.31786
