0 0.43562 0.68887 0.28730 0.42320
0 0.55065 0.38752 0.21347 0.24248
0 0.71273 0.71443 0.28291 0.39536
0 0.83504 0.30912 0.29305 0.36466
0 0.16975 0.58550 0.27734 0.38368
0 0.33397 0.42058 0.25356 0.25855
0 0.67810 0.51377 0.27620 0.18341
1 0.16948 0.58549 0.27731 0.38354
1 0.83452 0.30841 0.29365 0.36535
1 0.43544 0.68822 0.28760 0.42413
1 0.71251 0.71407 0.28318 0.39563
1 0.55071 0.38568 0.21296 0.24106
1 0.33439 0.41843 0.25291 0.25607
1 0.67312 0.51167 0.26492 0.18252
3 0.83468 0.30870 0.29255 0.36488
3 0.55070 0.38951 0.21283 0.24696
3 0.16969 0.58541 0.27696 0.38309
3 0.43549 0.68847 0.28679 0.42339
3 0.71243 0.71403 0.28273 0.39571
3 0.33484 0.42159 0.25203 0.26115
3 0.67482 0.51340 0.26835 0.18515
5 0.83461 0.30882 0.29332 0.36593
5 0.16958 0.58509 0.27674 0.38378
6 0.83502 0.30898 0.29296 0.36514
6 0.71266 0.71377 0.28275 0.39658
6 0.55073 0.38695 0.21237 0.24086
6 0.69798 0.50808 0.31223 0.80726
6 0.34933 0.30857 0.28002 0.47950
6 0.43591 0.68885 0.28749 0.42347
6 0.33467 0.41989 0.25511 0.25720
6 0.66808 0.51188 0.25585 0.18089
6 0.16984 0.58556 0.27668 0.38344
