0 0.67920 0.60307 0.20208 0.26176
0 0.79194 0.44415 0.20342 0.24870
0 0.14890 0.89022 0.07059 0.11470
0 0.06266 0.65120 0.09735 0.12795
0 0.15722 0.65077 0.09466 0.09437
0 0.20009 0.29019 0.07972 0.10899
0 0.23839 0.40149 0.08191 0.10719
0 0.76739 0.67222 0.06473 0.07274
0 0.32791 0.42877 0.08043 0.10773
0 0.22157 0.91056 0.08057 0.12580
1 0.79165 0.44286 0.20329 0.24740
1 0.67900 0.60271 0.20201 0.26186
1 0.19924 0.28980 0.07824 0.10672
1 0.06159 0.65189 0.09525 0.12462
1 0.14842 0.88988 0.06939 0.11447
1 0.23783 0.40095 0.08092 0.10479
1 0.32761 0.42848 0.07882 0.10736
1 0.76712 0.67073 0.06438 0.07478
1 0.22117 0.90988 0.08120 0.12461
1 0.15678 0.65074 0.09405 0.09379
3 0.79187 0.44382 0.20320 0.24887
3 0.10897 0.64653 0.19034 0.13799
3 0.67968 0.60282 0.20292 0.26128
3 0.14830 0.88980 0.06913 0.11414
3 0.32756 0.42786 0.08020 0.10790
3 0.19954 0.28953 0.07821 0.10779
3 0.20290 0.90322 0.17888 0.14268
3 0.23827 0.40175 0.08169 0.10762
3 0.15674 0.65088 0.09383 0.09504
3 0.06215 0.65008 0.09677 0.12982
4 0.79195 0.44421 0.20337 0.24963
4 0.67948 0.60304 0.20234 0.26155
5 0.79174 0.44315 0.20366 0.24798
5 0.67893 0.60272 0.20193 0.26193
6 0.79193 0.44444 0.20350 0.24965
6 0.14858 0.88973 0.06869 0.11444
6 0.19920 0.28977 0.07742 0.10713
6 0.23818 0.40051 0.08129 0.10514
6 0.67924 0.60293 0.20128 0.26197
6 0.06173 0.65026 0.09521 0.12815
6 0.22186 0.91028 0.07897 0.12461
6 0.76741 0.67218 0.06439 0.07220
6 0.32727 0.42917 0.07769 0.10587
6 0.15714 0.65001 0.09350 0.09357
