0 0.45941 0.40860 0.21820 0.18120
0 0.62460 0.68824 0.23692 0.27268
0 0.24033 0.65892 0.24601 0.26164
0 0.14246 0.53039 0.14481 0.21517
0 0.64116 0.51795 0.19953 0.14613
0 0.82028 0.63811 0.22416 0.24238
0 0.43901 0.58668 0.21703 0.27855
1 0.24025 0.65863 0.24623 0.26160
1 0.62454 0.68765 0.23698 0.27298
1 0.14253 0.53002 0.14525 0.21459
1 0.45929 0.40803 0.21810 0.18129
1 0.43849 0.58617 0.21600 0.27840
1 0.64081 0.51687 0.19937 0.14504
1 0.81999 0.63765 0.22421 0.24279
3 0.14221 0.53029 0.14396 0.21452
3 0.45919 0.40867 0.21764 0.18156
3 0.62450 0.68795 0.23662 0.27192
3 0.24037 0.65861 0.24549 0.26137
3 0.43893 0.58627 0.21648 0.27800
3 0.81990 0.63806 0.22379 0.24136
3 0.50129 0.49397 0.86124 0.65822
3 0.64076 0.51786 0.19893 0.14640
5 0.24035 0.65855 0.24637 0.26158
5 0.45938 0.40836 0.21832 0.18172
5 0.62450 0.68787 0.23681 0.27260
5 0.14235 0.53005 0.14445 0.21454
5 0.43830 0.58639 0.21571 0.27832
5 0.82015 0.63784 0.22390 0.24227
6 0.14217 0.53031 0.14390 0.21509
6 0.24049 0.65851 0.24580 0.26188
6 0.62572 0.52093 0.24010 0.60580
6 0.45960 0.40846 0.21825 0.18191
6 0.43942 0.58633 0.21744 0.27866
6 0.82041 0.52059 0.22387 0.47673
6 0.62469 0.68812 0.23696 0.27274
6 0.64178 0.51559 0.19844 0.14039
6 0.51374 0.46651 0.36285 0.51921
7 0.24060 0.65849 0.24595 0.26169
