0 0.26142 0.77763 0.16028 0.23204
1 0.31636 0.28431 0.15523 0.22801
1 0.13496 0.66994 0.17397 0.19543
1 0.26143 0.77687 0.16017 0.23241
1 0.62134 0.18931 0.16290 0.21749
1 0.69994 0.47448 0.44368 0.78911
3 0.69964 0.47490 0.44343 0.78826
5 0.31647 0.28456 0.15524 0.22786
5 0.26142 0.77701 0.16019 0.23239
5 0.13505 0.67035 0.17408 0.19548
7 0.80432 0.30758 0.15404 0.28057
7 0.62124 0.19114 0.16318 0.21942
7 0.66638 0.37273 0.19970 0.26804
7 0.54285 0.49290 0.12984 0.28978
7 0.84034 0.74011 0.16075 0.25622
7 0.77367 0.53233 0.18976 0.21968
7 0.13502 0.67079 0.17402 0.19478
7 0.26130 0.77745 0.15979 0.23101
7 0.68319 0.66596 0.22154 0.28338
7 0.54136 0.29803 0.06090 0.12095
7 0.62115 0.75679 0.17867 0.20660
